175.0
175.0
0.0
0.0
0.0
0.0
0.0
0.0
0.0
0.0
0.0
0.0
0.0
0.0
0.0
0.0
0.0
0.0
0.0
0.0
0.0
0.0
0.0
0.0
0.0
0.0
0.0
0.0
0.0
0.0
0.0
0.0
0.0
0.0
0.0
0.0
0.0
0.0
0.0
0.0
0.0
0.0
0.0
0.0
0.0
0.0
0.0
0.0
0.0
0.0
0.0
0.0
0.0
0.0
0.0
0.0
0.0
0.0
0.0
0.0
0.0
0.0
0.0
0.0
0.0
0.0
0.0
0.0
0.0
0.0
0.0
0.0
0.0
0.0
0.0
0.0
0.0
0.0
0.0
0.0
0.0
0.0
0.0
0.0
0.0
0.0
0.0
0.0
0.0
0.0
0.0
0.0
0.0
0.0
0.0
0.0
0.0
0.0
0.0
0.0
0.0
0.0
0.0
0.0
0.0
0.0
0.0
0.0
0.0
0.0
0.0
0.0
0.0
0.0
0.0
0.0
0.0
0.0
0.0
0.0
0.0
0.0
0.0
0.0
0.0
0.0
0.0
0.0
0.0
0.0
0.0
0.0
0.0
0.0
0.0
0.0
0.0
0.0
0.0
0.0
0.0
0.0
0.0
0.0
0.0
50.0
100.0
150.0
200.0
200.0
200.0
175.0
175.0
175.0
150.0
175.0
150.0
125.0
150.0
125.0
150.0
150.0
150.0
150.0
125.0
150.0
325.0
575.0
675.0
775.0
625.0
425.0
475.0
375.0
475.0
625.0
600.0
625.0
625.0
475.0
400.0
475.0
475.0
500.0
525.0
400.0
325.0
300.0
425.0
500.0
475.0
400.0
225.0
125.0
125.0
125.0
175.0
175.0
150.0
175.0
125.0
175.0
200.0
200.0
300.0
375.0
750.0
1175.0
1325.0
1825.0
1825.0
1875.0
2200.0
2075.0
1825.0
1350.0
775.0
425.0
275.0
225.0
225.0
175.0
175.0
250.0
300.0
350.0
475.0
475.0
475.0
425.0
400.0
400.0
350.0
325.0
250.0
175.0
125.0
125.0
100.0
100.0
100.0
125.0
125.0
150.0
150.0
175.0
200.0
200.0
200.0
200.0
200.0
175.0
200.0
150.0
150.0
150.0
150.0
175.0
200.0
200.0
200.0
175.0
150.0
125.0
150.0
125.0
150.0
150.0
150.0
125.0
200.0
200.0
200.0
275.0
250.0
225.0
200.0
250.0
250.0
275.0
250.0
250.0
150.0
125.0
175.0
125.0
300.0
300.0
275.0
275.0
300.0
350.0
400.0
350.0
175.0
150.0
75.0
300.0
350.0
300.0
300.0
75.0
200.0
275.0
375.0
425.0
275.0
225.0
175.0
150.0
175.0
200.0
175.0
200.0
275.0
300.0
400.0
425.0
400.0
375.0
375.0
375.0
325.0
300.0
275.0
250.0
225.0
300.0
275.0
350.0
325.0
225.0
200.0
125.0
125.0
125.0
125.0
125.0
175.0
175.0
175.0
150.0
100.0
125.0
125.0
125.0
100.0
100.0
100.0
100.0
125.0
200.0
225.0
225.0
225.0
125.0
100.0
125.0
125.0
125.0
125.0
100.0
100.0
100.0
100.0
125.0
125.0
125.0
125.0
100.0
100.0
125.0
125.0
125.0
100.0
125.0
125.0
175.0
175.0
200.0
200.0
175.0
200.0
175.0
450.0
425.0
400.0
375.0
175.0
275.0
375.0
600.0
500.0
500.0
375.0
125.0
150.0
75.0
125.0
225.0
275.0
250.0
250.0
175.0
375.0
375.0
400.0
625.0
400.0
425.0
525.0
500.0
525.0
600.0
550.0
600.0
675.0
725.0
775.0
700.0
700.0
650.0
600.0
675.0
575.0
750.0
575.0
550.0
675.0
425.0
475.0
350.0
225.0
250.0
200.0
150.0
150.0
175.0
175.0
175.0
125.0
100.0
125.0
125.0
125.0
125.0
100.0
100.0
125.0
125.0
125.0
125.0
100.0
125.0
125.0
225.0
225.0
250.0
375.0
275.0
400.0
450.0
425.0
575.0
600.0
650.0
800.0
825.0
750.0
750.0
525.0
350.0
250.0
225.0
325.0
375.0
525.0
525.0
400.0
325.0
200.0
125.0
150.0
350.0
450.0
450.0
425.0
250.0
175.0
200.0
175.0
200.0
200.0
200.0
275.0
250.0
250.0
250.0
175.0
175.0
275.0
350.0
450.0
550.0
400.0
375.0
325.0
275.0
300.0
375.0
400.0
400.0
500.0
550.0
475.0
450.0
350.0
125.0
600.0
1275.0
1875.0
2400.0
2300.0
1800.0
1450.0
1000.0
725.0
550.0
350.0
350.0
475.0
650.0
725.0
925.0
800.0
625.0
500.0
350.0
200.0
200.0
150.0
0.0
100.0
200.0
475.0
475.0
400.0
325.0
150.0
225.0
275.0
425.0
425.0
450.0
475.0
300.0
200.0
75.0
100.0
200.0
200.0
225.0
100.0
125.0
125.0
150.0
150.0
250.0
325.0
275.0
375.0
225.0
175.0
175.0
75.0
25.0
0.0
0.0
0.0
75.0
75.0
125.0
375.0
300.0
300.0
200.0
75.0
150.0
150.0
150.0
75.0
100.0
225.0
400.0
400.0
325.0
275.0
375.0
475.0
475.0
450.0
325.0
275.0
325.0
450.0
450.0
575.0
525.0
450.0
475.0
325.0
400.0
325.0
175.0
175.0
100.0
200.0
250.0
275.0
325.0
225.0
200.0
200.0
200.0
225.0
225.0
225.0
275.0
300.0
250.0
325.0
225.0
175.0
225.0
150.0
225.0
225.0
225.0
275.0
200.0
275.0
225.0
225.0
275.0
225.0
275.0
250.0
225.0
200.0
175.0
150.0
200.0
200.0
175.0
150.0
100.0
100.0
75.0
100.0
125.0
125.0
125.0
125.0
100.0
125.0
125.0
125.0
125.0
125.0
125.0
125.0
125.0
100.0
125.0
125.0
125.0
125.0
125.0
125.0
125.0
125.0
125.0
125.0
125.0
125.0
150.0
175.0
175.0
175.0
125.0
125.0
125.0
225.0
225.0
200.0
200.0
125.0
125.0
150.0
175.0
225.0
275.0
550.0
600.0
500.0
575.0
275.0
275.0
325.0
275.0
250.0
150.0
250.0
175.0
350.0
375.0
450.0
475.0
475.0
525.0
350.0
275.0
125.0
175.0
150.0
150.0
175.0
50.0
25.0
25.0
0.0
0.0
100.0
100.0
100.0
225.0
175.0
375.0
425.0
300.0
575.0
375.0
675.0
750.0
525.0
550.0
225.0
425.0
525.0
675.0
925.0
825.0
750.0
700.0
500.0
400.0
500.0
500.0
525.0
550.0
825.0
800.0
725.0
800.0
475.0
525.0
550.0
425.0
375.0
300.0
300.0
375.0
425.0
375.0
400.0
350.0
400.0
425.0
350.0
450.0
400.0
450.0
550.0
400.0
375.0
425.0
350.0
375.0
275.0
125.0
75.0
50.0
125.0
150.0
325.0
325.0
200.0
450.0
350.0
375.0
500.0
200.0
150.0
175.0
300.0
300.0
300.0
350.0
150.0
150.0
150.0
50.0
0.0
0.0
0.0
0.0
100.0
125.0
125.0
125.0
25.0
0.0
0.0
75.0
200.0
375.0
575.0
575.0
500.0
400.0
200.0
125.0
75.0
0.0
0.0
0.0
175.0
350.0
500.0
500.0
325.0
150.0
0.0
0.0
0.0
75.0
75.0
75.0
325.0
325.0
450.0
550.0
375.0
300.0
175.0
125.0
100.0
100.0
125.0
25.0
25.0
25.0
0.0
0.0
0.0
0.0
0.0
0.0
25.0
25.0
25.0
25.0
0.0
0.0
0.0
150.0
775.0
875.0
900.0
725.0
425.0
625.0
850.0
1050.0
725.0
500.0
525.0
325.0
325.0
400.0
175.0
175.0
175.0
50.0
0.0
0.0
0.0
50.0
125.0
125.0
125.0
75.0
0.0
0.0
0.0
50.0
250.0
375.0
475.0
425.0
375.0
325.0
450.0
450.0
300.0
275.0
50.0
50.0
200.0
200.0
200.0
200.0
25.0
0.0
0.0
125.0
300.0
375.0
400.0
275.0
100.0
125.0
150.0
150.0
150.0
125.0
125.0
125.0
125.0
50.0
0.0
0.0
250.0
250.0
275.0
325.0
125.0
425.0
800.0
775.0
800.0
625.0
200.0
200.0
125.0
0.0
0.0
0.0
0.0
25.0
25.0
200.0
300.0
275.0
275.0
275.0
225.0
225.0
225.0
25.0
0.0
0.0
0.0
100.0
100.0
100.0
100.0
0.0
0.0
0.0
0.0
275.0
450.0
475.0
475.0
200.0
25.0
0.0
0.0
0.0
25.0
50.0
300.0
325.0
500.0
650.0
500.0
525.0
400.0
425.0
350.0
275.0
